S =

 Columns 1 through 3:

   8.200000000000000e+01   8.200000000000000e+01   8.200000000000000e+01
   4.900000000000000e+01   5.000000000000000e+01   5.100000000000000e+01
   1.021830546860000e+00   2.005192950620000e+00   3.017358495780000e+00

 Columns 4 through 6:

   8.200000000000000e+01   8.200000000000000e+01   8.200000000000000e+01
   5.200000000000000e+01   5.300000000000000e+01   5.400000000000000e+01
   4.151360041560000e+00   3.044174021990000e+00   2.021969848980000e+00

 Columns 7 through 9:

   8.200000000000000e+01   8.600000000000000e+01   6.700000000000000e+01
   5.500000000000000e+01   1.150000000000000e+02   1.005041592300000e+00
   1.007843342810000e+00   5.113398705860000e+00   7.500000000000000e+01

 Columns 10 and 11:

   9.800000000000000e+01   1.000000000000000e+02
   7.181066309630000e+00   8.122711163500000e+00
   7.500000000000000e+01   0.000000000000000e+00

ans = 0
R1 =  1021.830546860000
R2 =  2005.192950620000
R3 =  3017.358495780000
R4 =  4151.360041560000
R5 =  3044.174021990000
R6 =  2021.969848980000
R7 =  1007.843342810000
Vs =  5.113398705860000
C =    1.005041592300000e-06
Kb =    7.181066309630000e-03
Kd =  8122.711163500000
A1 =

 Columns 1 through 3:

   1.000000000000000e+00   0.000000000000000e+00   0.000000000000000e+00
   0.000000000000000e+00   0.000000000000000e+00   0.000000000000000e+00
  -9.786358443412331e-04   1.808756676079853e-03  -4.987051244573759e-04
   0.000000000000000e+00   7.679771434087376e-03  -4.987051244573759e-04
   0.000000000000000e+00  -7.181066309630000e-03   0.000000000000000e+00
   0.000000000000000e+00   0.000000000000000e+00   0.000000000000000e+00
   0.000000000000000e+00   0.000000000000000e+00   0.000000000000000e+00

 Columns 4 through 6:

  -1.000000000000000e+00   0.000000000000000e+00   0.000000000000000e+00
   1.000000000000000e+00   0.000000000000000e+00   0.000000000000000e+00
   0.000000000000000e+00  -3.314157072812443e-04   0.000000000000000e+00
   0.000000000000000e+00  -7.181066309630000e-03   0.000000000000000e+00
   0.000000000000000e+00   7.509562641566468e-03  -3.284963319364681e-04
  -4.945672164718275e-04   0.000000000000000e+00   0.000000000000000e+00
  -8.059497759694292e+00   1.000000000000000e+00   0.000000000000000e+00

 Columns 7 and 8:

   0.000000000000000e+00   0.000000000000000e+00
   0.000000000000000e+00   0.000000000000000e+00
   0.000000000000000e+00   0.000000000000000e+00
   0.000000000000000e+00   0.000000000000000e+00
   0.000000000000000e+00   0.000000000000000e+00
   1.486784912936308e-03  -9.922176964644806e-04
   8.059497759694292e+00  -1.000000000000000e+00

b1 =

 Columns 1 through 3:

   5.113398705860000e+00   0.000000000000000e+00   0.000000000000000e+00

 Columns 4 through 6:

   0.000000000000000e+00   0.000000000000000e+00   0.000000000000000e+00

 Column 7:

   0.000000000000000e+00

b1 =

   5.113398705860000e+00
   0.000000000000000e+00
   0.000000000000000e+00
   0.000000000000000e+00
   0.000000000000000e+00
   0.000000000000000e+00
   0.000000000000000e+00

V1 =

   5.113398705860000e+00
   4.260917164024503e+00
   2.507106162195866e+00
  -1.776356839400250e-15
   4.382714470473092e+00
   7.045254197433570e+00
  -6.679896479746006e-01
  -1.000946600877160e+00

A2 =

 Columns 1 through 3:

   1.000000000000000e+00   0.000000000000000e+00   0.000000000000000e+00
   0.000000000000000e+00   0.000000000000000e+00   0.000000000000000e+00
  -9.786358443412331e-04   1.808756676079853e-03  -4.987051244573759e-04
   0.000000000000000e+00   7.679771434087376e-03  -4.987051244573759e-04
   0.000000000000000e+00   0.000000000000000e+00   0.000000000000000e+00
   0.000000000000000e+00   0.000000000000000e+00   0.000000000000000e+00
   0.000000000000000e+00   0.000000000000000e+00   0.000000000000000e+00

 Columns 4 through 6:

  -1.000000000000000e+00   0.000000000000000e+00   0.000000000000000e+00
   1.000000000000000e+00   0.000000000000000e+00   0.000000000000000e+00
   0.000000000000000e+00  -3.314157072812443e-04   0.000000000000000e+00
   0.000000000000000e+00  -7.181066309630000e-03   0.000000000000000e+00
   0.000000000000000e+00   0.000000000000000e+00   1.000000000000000e+00
  -4.945672164718275e-04   0.000000000000000e+00   0.000000000000000e+00
  -8.059497759694292e+00   1.000000000000000e+00   0.000000000000000e+00

 Columns 7 and 8:

   0.000000000000000e+00   0.000000000000000e+00
   0.000000000000000e+00   0.000000000000000e+00
   0.000000000000000e+00   0.000000000000000e+00
   0.000000000000000e+00   0.000000000000000e+00
   0.000000000000000e+00  -1.000000000000000e+00
   1.486784912936308e-03  -9.922176964644806e-04
   8.059497759694292e+00  -1.000000000000000e+00

b2 =

 Columns 1 through 3:

   0.000000000000000e+00   0.000000000000000e+00   0.000000000000000e+00

 Columns 4 through 6:

   0.000000000000000e+00   8.046200798310730e+00   0.000000000000000e+00

 Column 7:

   0.000000000000000e+00

b2 =

   0.000000000000000e+00
   0.000000000000000e+00
   0.000000000000000e+00
   0.000000000000000e+00
   8.046200798310730e+00
   0.000000000000000e+00
   0.000000000000000e+00

V2 =

  -2.273430980291599e-16
   1.409411915971445e-01
   4.308996250680778e-01
  -6.754600657140108e-16
   1.208043831601318e-01
   8.018610879435146e+00
  -1.841235104969467e-02
  -2.758991887558142e-02

I11 =    8.342689934794973e-04
I12 =    8.746345339416655e-04
I13 =   -3.303657808307933e-04
I14 = 0
I21 =   -1.379301020411313e-04
I22 =   -1.446037566515876e-04
I23 =   -9.106145207349290e-06
I24 =  5
fid =  19
ans = 0
fid =  19
ans = 0
