R1 = 1.02183054686 
R2 = 2.00519295062 
R3 = 3.01735849578 
R4 = 4.15136004156 
R5 = 3.04417402199 
R6 = 2.02196984898 
R7 = 1.00784334281 
Vs = 5.11339870586 
C = 1.0050415923 
Kb = 7.18106630963 
Kd = 8.1227111635 



